1 4 53 1
2 5 63 1
3 10 59 1
4 9 77 1
5 13 49 1
6 13 69 1
7 12 88 1
12 27 72 1
13 28 76 1
14 24 58 1
15 27 55 1
16 28 60 1
17 30 52 1
18 31 60 1
19 32 61 1
20 36 72 1
44 86 132 2
45 85 115 2
46 85 96 2
47 78 4 2
48 74 96 2
49 97 122 2
50 98 116 2
51 98 124 2
52 99 119 2
53 99 128 2
57 108 116 2
58 111 126 2
59 115 117 2
60 117 115 2
21 28 147 3
22 32 149 3
29 32 143 3
30 34 141 3
31 44 156 3
32 44 149 3
33 44 143 3
34 46 142 3
35 47 149 3
36 49 152 3
37 50 142 3
38 53 144 3
39 52 152 3
40 55 155 3
41 54 124 3
42 60 136 3
43 63 139 3
61 70 4 4
62 77 12 4
63 83 21 4
64 61 15 4
65 69 15 4
66 78 16 4
67 66 18 4
71 66 23 4
72 61 25 4
73 76 27 4
74 72 31 4
75 64 30 4